Covers;050K69140;Tray Assy Extension (with 2,3);;Xerox_image\Xerox Phaser 3040_1584558237674.png
Covers;;Tray Extension 1;;Xerox_image\Xerox Phaser 3040_1584558237674.png
Covers;;Tray Extension 2;;Xerox_image\Xerox Phaser 3040_1584558237674.png
Covers;848K60170;Cover Assy Top (with 5-7);;Xerox_image\Xerox Phaser 3040_1584558237674.png
Covers;848K60180;Cover Top;;Xerox_image\Xerox Phaser 3040_1584558237674.png
Covers;;Guide Light Opp;;Xerox_image\Xerox Phaser 3040_1584558237674.png
Covers;;Button Opp;;Xerox_image\Xerox Phaser 3040_1584558237674.png
Covers;848K59910;Rear Door;;Xerox_image\Xerox Phaser 3040_1584558237674.png
Covers;013E39621;Bearing BTR L;;Xerox_image\Xerox Phaser 3040_1584558237674.png
Covers;013E39631;Bearing BTR R;;Xerox_image\Xerox Phaser 3040_1584558237674.png
Covers;022K76990;Roll Assy BTR (Transfer Roller);;Xerox_image\Xerox Phaser 3040_1584558237674.png
Covers;676K11700;Cover Rear Inner;;Xerox_image\Xerox Phaser 3040_1584558237674.png
Covers;848E78630;Cover Side R;;Xerox_image\Xerox Phaser 3040_1584558237674.png
Covers;676K11680;Cover Assy MSI (with 15-18) (Main Tray);;Xerox_image\Xerox Phaser 3040_1584558237674.png
Covers;;Cover MSI;;Xerox_image\Xerox Phaser 3040_1584558237674.png
Covers;;Tray MSI Extension;;Xerox_image\Xerox Phaser 3040_1584558237674.png
Covers;;Lever Guide End;;Xerox_image\Xerox Phaser 3040_1584558237674.png
Covers;;Guide End;;Xerox_image\Xerox Phaser 3040_1584558237674.png
Covers;848E66960;Cover Hipot;;Xerox_image\Xerox Phaser 3040_1584558237674.png
Covers;676K11671;Cover Assy Front (With 21,22, label);;Xerox_image\Xerox Phaser 3040_1584558237674.png
Covers;;Cover Front;;Xerox_image\Xerox Phaser 3040_1584558237674.png
Covers;;Cover Window TNR;;Xerox_image\Xerox Phaser 3040_1584558237674.png
Covers;848E78620;Cover Side L;;Xerox_image\Xerox Phaser 3040_1584558237674.png
Feeder 1;;Plate Lower;;Xerox_image\Xerox Phaser 3040_1584558243279.png
Feeder 1;;Rack Side Guide;;Xerox_image\Xerox Phaser 3040_1584558243279.png
Feeder 1;;Gear Pinion;;Xerox_image\Xerox Phaser 3040_1584558243279.png
Feeder 1;;Guide Side MSI L;;Xerox_image\Xerox Phaser 3040_1584558243279.png
Feeder 1;;Guide Side MSI R;;Xerox_image\Xerox Phaser 3040_1584558243279.png
Feeder 1;;Foot Assy;;Xerox_image\Xerox Phaser 3040_1584558243279.png
Feeder 2;059K71563;Roll Assy MSI (with 1-7) (Feed Roll Assembly);;Xerox_image\Xerox Phaser 3040_1584558248063.png
Feeder 2;;Cam MSI L;;Xerox_image\Xerox Phaser 3040_1584558248063.png
Feeder 2;;Roll Core;;Xerox_image\Xerox Phaser 3040_1584558248063.png
Feeder 2;;Roll Assy Feed;;Xerox_image\Xerox Phaser 3040_1584558248063.png
Feeder 2;;Holder Feed;;Xerox_image\Xerox Phaser 3040_1584558248063.png
Feeder 2;;Shaft Feed;;Xerox_image\Xerox Phaser 3040_1584558248063.png
Feeder 2;;Cam MSI R;;Xerox_image\Xerox Phaser 3040_1584558248063.png
Feeder 2;815K07610;Plate Assy Bottom (with 9,10) (Bottom Plate);;Xerox_image\Xerox Phaser 3040_1584558248063.png
Feeder 2;;Pad MSI;;Xerox_image\Xerox Phaser 3040_1584558248063.png
Feeder 2;;Plate BTM;;Xerox_image\Xerox Phaser 3040_1584558248063.png
Feeder 2;;Holder BTM L;;Xerox_image\Xerox Phaser 3040_1584558248063.png
Feeder 2;;Holder BTM R;;Xerox_image\Xerox Phaser 3040_1584558248063.png
Feeder 2;;Follower L;;Xerox_image\Xerox Phaser 3040_1584558248063.png
Feeder 2;;Follower R;;Xerox_image\Xerox Phaser 3040_1584558248063.png
Feeder 2;848K49666;Housing Assy Pad (Separator Pad Assembly);;Xerox_image\Xerox Phaser 3040_1584558248063.png
Feeder 2;;Arm MSI R;;Xerox_image\Xerox Phaser 3040_1584558248063.png
Feeder 2;;Spring NF;;Xerox_image\Xerox Phaser 3040_1584558248063.png
Feeder 2;;Arm MSI L;;Xerox_image\Xerox Phaser 3040_1584558248063.png
Feeder 2;807E36162;Feed Gear;;Xerox_image\Xerox Phaser 3040_1584558248063.png
Feeder 2;;Spring Feed;;Xerox_image\Xerox Phaser 3040_1584558248063.png
Feeder 3;;Chute Upper;;Xerox_image\Xerox Phaser 3040_1584558250772.png
Feeder 3;;Roll Assy Pinch REGI (with 3-5);;Xerox_image\Xerox Phaser 3040_1584558250772.png
Feeder 3;;Roll Pinch REGI10;;Xerox_image\Xerox Phaser 3040_1584558250772.png
Feeder 3;;Roll Pinch REGI30;;Xerox_image\Xerox Phaser 3040_1584558250772.png
Feeder 3;;Shaft Pinch REGI;;Xerox_image\Xerox Phaser 3040_1584558250772.png
Feeder 3;059E07550;Registration Roller;;Xerox_image\Xerox Phaser 3040_1584558250772.png
Feeder 3;;Chute Low;;Xerox_image\Xerox Phaser 3040_1584558250772.png
Feeder 3;;Spring Actuator REGI;;Xerox_image\Xerox Phaser 3040_1584558250772.png
Feeder 3;120E33031;Registration Sensor Actuator;;Xerox_image\Xerox Phaser 3040_1584558250772.png
Feeder 3;930W00123;Registration Sensor;;Xerox_image\Xerox Phaser 3040_1584558250772.png
Feeder 3;;Spring Earth REGI;;Xerox_image\Xerox Phaser 3040_1584558250772.png
Feeder 3;;Bearing REGI Earth;;Xerox_image\Xerox Phaser 3040_1584558250772.png
Feeder 3;;Bearing REGI Metal Earth;;Xerox_image\Xerox Phaser 3040_1584558250772.png
Feeder 3;;Spring Turn;;Xerox_image\Xerox Phaser 3040_1584558250772.png
Feeder 3;;Bearing REGI Metal;;Xerox_image\Xerox Phaser 3040_1584558250772.png
Feeder 3;;Bearing REGI;;Xerox_image\Xerox Phaser 3040_1584558250772.png
Feeder 3;;Spring REGI Clutch;;Xerox_image\Xerox Phaser 3040_1584558250772.png
Feeder 3;;Flange REGI Clutch;;Xerox_image\Xerox Phaser 3040_1584558250772.png
Feeder 3;;Gear REGI Clutch;;Xerox_image\Xerox Phaser 3040_1584558250772.png
Feeder 3;;Cover Solenoid;;Xerox_image\Xerox Phaser 3040_1584558250772.png
Feeder 3;121E22993;Feed Solenoid;;Xerox_image\Xerox Phaser 3040_1584558250772.png
Feeder 3;;Harness Assy REG SNS;;Xerox_image\Xerox Phaser 3040_1584558250772.png
Xerographics 1;;Plate Upper;;Xerox_image\Xerox Phaser 3040_1584558253790.png
Xerographics 1;;Spring Assy Track AD (With 3,4);;Xerox_image\Xerox Phaser 3040_1584558253790.png
Xerographics 1;;Holder Spring;;Xerox_image\Xerox Phaser 3040_1584558253790.png
Xerographics 1;;Spring Track AD;;Xerox_image\Xerox Phaser 3040_1584558253790.png
Xerographics 1;;Housing Assy Deve High;;Xerox_image\Xerox Phaser 3040_1584558253790.png
Xerographics 1;;Gear D3;;Xerox_image\Xerox Phaser 3040_1584558253790.png
Xerographics 1;;Bracket Assy Gear D3;;Xerox_image\Xerox Phaser 3040_1584558253790.png
Xerographics 2;;HSG Assy Xero High;;Xerox_image\Xerox Phaser 3040_1584558258462.png
Xerographics 2;;Spring FG D A4M;;Xerox_image\Xerox Phaser 3040_1584558258462.png
Xerographics 2;;Spring FG AD A4M;;Xerox_image\Xerox Phaser 3040_1584558258462.png
Xerographics 2;;Head Assy R;;Xerox_image\Xerox Phaser 3040_1584558258462.png
Xerographics 2;;Spring LPH AD A4M;;Xerox_image\Xerox Phaser 3040_1584558258462.png
Xerographics 2;;Spring LPH D A4M;;Xerox_image\Xerox Phaser 3040_1584558258462.png
Xerographics 2;;Cover FFC A4M;;Xerox_image\Xerox Phaser 3040_1584558258462.png
Xerographics 2;;Core Ferrite;;Xerox_image\Xerox Phaser 3040_1584558258462.png
Xerographics 2;;Cable FFC;;Xerox_image\Xerox Phaser 3040_1584558258462.png
Toner Dispense;094K93230;Toner Dispenser Assy;;Xerox_image\Xerox Phaser 3040_1584558261059.png
Toner Dispense;127K61370;Toner Motor;;Xerox_image\Xerox Phaser 3040_1584558261059.png
Toner Dispense;;Wire Earth Motor;;Xerox_image\Xerox Phaser 3040_1584558261059.png
Toner Dispense;;Screw M3x6B;;Xerox_image\Xerox Phaser 3040_1584558261059.png
Toner Dispense;;Toner Cartridge;;Xerox_image\Xerox Phaser 3040_1584558261059.png
Toner Dispense;;Harness Assy DCRA;;Xerox_image\Xerox Phaser 3040_1584558261059.png
Fuser;126K30073;Fuser 110V;;Xerox_image\Xerox Phaser 3040_1584558265578.png
Fuser;126K30083;Fuser 220V;;Xerox_image\Xerox Phaser 3040_1584558265578.png
Drive;007K18000;Main Drive Motor;;Xerox_image\Xerox Phaser 3040_1584558270248.png
Drive;007K18011;Main Drive Assembly;;Xerox_image\Xerox Phaser 3040_1584558270248.png
Electrical 1;;Upper Harness Guide;;Xerox_image\Xerox Phaser 3040_1584558275863.png
Electrical 1;105K30870;HVPS;;Xerox_image\Xerox Phaser 3040_1584558275863.png
Electrical 1;960K61093;MCU Board;;Xerox_image\Xerox Phaser 3040_1584558275863.png
Electrical 1;;FFC Assy Main MOT;;Xerox_image\Xerox Phaser 3040_1584558275863.png
Electrical 1;;FFC Assy MC-HV;;Xerox_image\Xerox Phaser 3040_1584558275863.png
Electrical 1;;FFC Assy MC-ES;;Xerox_image\Xerox Phaser 3040_1584558275863.png
Electrical 1;;DISP MOT Harness;;Xerox_image\Xerox Phaser 3040_1584558275863.png
Electrical 1;;LV-MC Harness;;Xerox_image\Xerox Phaser 3040_1584558275863.png
Electrical 1;;LV-MCES Harness;;Xerox_image\Xerox Phaser 3040_1584558275863.png
Electrical 1;;MC-LP Harness;;Xerox_image\Xerox Phaser 3040_1584558275863.png
Electrical 1;;Screw M3x6B;;Xerox_image\Xerox Phaser 3040_1584558275863.png
Electrical 2;110K16521;Rear Door Interlock Switch;;Xerox_image\Xerox Phaser 3040_1584558280575.png
Electrical 2;;Harness Guide FR;;Xerox_image\Xerox Phaser 3040_1584558280575.png
Electrical 2;;Harness Guide IL;;Xerox_image\Xerox Phaser 3040_1584558280575.png
Electrical 2;;Plate ESS;;Xerox_image\Xerox Phaser 3040_1584558280575.png
Electrical 2;;Holder Inlet;;Xerox_image\Xerox Phaser 3040_1584558280575.png
Electrical 2;;Guide Inlet;;Xerox_image\Xerox Phaser 3040_1584558280575.png
Electrical 2;;Harness Guide R;;Xerox_image\Xerox Phaser 3040_1584558280575.png
Electrical 2;676K13181;PWB Assy ESS 3010 US (IP Board);;Xerox_image\Xerox Phaser 3040_1584558280575.png
Electrical 2;676K10931;PWB Assy ESS 3010 RU/IN (IP Board);;Xerox_image\Xerox Phaser 3040_1584558280575.png
Electrical 2;676K10941;PWB Assy ESS 3040 US/EU (IP Board);;Xerox_image\Xerox Phaser 3040_1584558280575.png
Electrical 2;;PSLV RIC Assy (with 10,11);;Xerox_image\Xerox Phaser 3040_1584558280575.png
Electrical 2;;SW Assy RIC (Power Switch Assembly);;Xerox_image\Xerox Phaser 3040_1584558280575.png
Electrical 2;105E19900;LVPS 110V;;Xerox_image\Xerox Phaser 3040_1584558280575.png
Electrical 2;105E19910;LVPS 220V;;Xerox_image\Xerox Phaser 3040_1584558280575.png
Electrical 2;;LVPS Insulator;;Xerox_image\Xerox Phaser 3040_1584558280575.png
Electrical 2;;Plate LVPS;;Xerox_image\Xerox Phaser 3040_1584558280575.png
Electrical 2;;Screw S+M4x6B;;Xerox_image\Xerox Phaser 3040_1584558280575.png
Electrical 2;;Screw M3x6B;;Xerox_image\Xerox Phaser 3040_1584558280575.png
Electrical 2;675K 17830;Power Cord DAO;;Xerox_image\Xerox Phaser 3040_1584558280575.png
Electrical 2;675K 17660;Power Cord B220V;;Xerox_image\Xerox Phaser 3040_1584558280575.png
