MAIN;JC95-01849B;COVER, SL-M2825DW,SEC;;Samsung_image\Samsung SLM2675HN_1584470431902.png
MAIN;JC90-01224B;CASSETTE, ML-2975DW,SEE;;Samsung_image\Samsung SLM2675HN_1584470431902.png
MAIN;JC66-03035A;LEVER-COUPLING B, ML-2950ND,POM,WHT,LINK/;;Samsung_image\Samsung SLM2675HN_1584470431902.png
MAIN;JC92-02612C;PBA-MAIN, SCX-4705FN,SEC,4L,MAIN PBA,137;;Samsung_image\Samsung SLM2675HN_1584470431902.png
MAIN;JC91-01034A;FUSER, ML-2950ND,SEC,WORLD,110V;;Samsung_image\Samsung SLM2675HN_1584470431902.png
MAIN;JC95-01855A;COVER-MIDDLE, SL-M2875FW,SEC;;Samsung_image\Samsung SLM2675HN_1584470431902.png
MAIN;JC97-04330B;OPE, SL-M2675FN,XAA;;Samsung_image\Samsung SLM2675HN_1584470431902.png
MAIN;JC97-04347A;SCANNER, SL-M2870FW,SEE;;Samsung_image\Samsung SLM2675HN_1584470431902.png
MAIN;JC93-00838H;FRAME, SL-2625,SEC,XAA;;Samsung_image\Samsung SLM2675HN_1584470431902.png
MAIN;JC97-04322A;PLATEN, SL-M2870FW;;Samsung_image\Samsung SLM2675HN_1584470431902.png
MAIN;JC63-02569A;SHEET-WHITE, FIT,PP,3.6,216,250.2,White,9;L8658;Samsung_image\Samsung SLM2675HN_1584470431902.png
MAIN;JC97-04067A;ADF, CLX-3305FW,SEC,SSDP,FG-1790,2.4,BROW;;Samsung_image\Samsung SLM2675HN_1584470431902.png
MAIN;JC97-03191A;MEA UNIT-HINGE L, CLX-3170,SEC;D9329;Samsung_image\Samsung SLM2675HN_1584470431902.png
MAIN;JC63-03545A;COVER-CONNECTOR, CLX-3305FW,HIPS,2.2T,43,;;Samsung_image\Samsung SLM2675HN_1584470431902.png
COVER;JC63-04210B;COVER-LEFT, SL-M2825DW,HIPS,2.0,CREAM WHI;;Samsung_image\Samsung SLM2675HN_1584470436156.png
COVER;JC63-04211B;COVER-RIGHT, SL-M2825DW,ABS+PC,2.1T,CREAM;;Samsung_image\Samsung SLM2675HN_1584470436156.png
COVER;JC95-01852B;COVER-REAR, SL-M2825DW,SEC;;Samsung_image\Samsung SLM2675HN_1584470436156.png
COVER;JC95-01853B;COVER-FRONT, SL-M2825DW,SEC;;Samsung_image\Samsung SLM2675HN_1584470436156.png
COVER;JC63-04212B;COVER-REAR, SL-M2825DW,HIPS,2.0T,CREAM WH;;Samsung_image\Samsung SLM2675HN_1584470436156.png
COVER;JC63-03109A;COVER-FACE UP, ML-2955ND,HIPS,2.5,276.6,1;;Samsung_image\Samsung SLM2675HN_1584470436156.png
COVER;JC61-04377A;GUIDE-CHANGE_DUP, ML-2950ND,PC+GF,1.2,223;;Samsung_image\Samsung SLM2675HN_1584470436156.png
COVER;6107-002996;SPRING-ETC, SUS304,0.5,7.1,7.6,RIGHT;;Samsung_image\Samsung SLM2675HN_1584470436156.png
COVER;0604-001415;PHOTO-INTERRUPTER, TR,DIP-4,BK;L9633;Samsung_image\Samsung SLM2675HN_1584470436156.png
COVER;JC92-02611A;PBA-CRUM JOINT, ML-2975DW,SEC,3.3V,2L,FR-;;Samsung_image\Samsung SLM2675HN_1584470436156.png
COVER;JC39-01986A;HARNESS-CRUM_IF_FRONT, SCX-4805FW,UL10272;;Samsung_image\Samsung SLM2675HN_1584470436156.png
COVER;JC63-04206B;COVER-FRONT, SL-M2825DW,HIPS,2.5T,CREAM W;;Samsung_image\Samsung SLM2675HN_1584470436156.png
COVER;JC63-03127A;COVER-MANUAL, ML-2955ND,HIPS,2,250.2,48.7;;Samsung_image\Samsung SLM2675HN_1584470436156.png
COVER;JC97-03039A;MEA-CRUM TERMINAL, CLP-310,SEC,EXPORT,-,-;E0000;Samsung_image\Samsung SLM2675HN_1584470436156.png
COVER;JC63-04207A;COVER-HARNESS FRONT, SL-M2820DW,HIPS,2.5T;;Samsung_image\Samsung SLM2675HN_1584470436156.png
COVER-MIDDLE;JC95-01855A;COVER-MIDDLE, SL-M2875FW,SEC;;Samsung_image\Samsung SLM2675HN_1584470439419.png
COVER-MIDDLE;JC63-04221A;COVER-MIDDLE L, SCX-4805FW,HIPS,2.0,239.5;;Samsung_image\Samsung SLM2675HN_1584470439419.png
COVER-MIDDLE;JC63-04222A;COVER-MIDDLE R, SCX-4805FW,HIPS,2.0,324.5;;Samsung_image\Samsung SLM2675HN_1584470439419.png
COVER-MIDDLE;JC92-02569A;PBA-LIU, cuhead,CX95110-22Z,SPI,3.3V,90MM;;Samsung_image\Samsung SLM2675HN_1584470439419.png
COVER-MIDDLE;3001-002207;SPEAKER, 0.3W,8ohm,81dB,400Hz,50X16.4mm;G1134;Samsung_image\Samsung SLM2675HN_1584470439419.png
COVER-MIDDLE;JC63-04219A;GROUND-FAX, SCX-4805FW,STAINLESS-STS304,0;;Samsung_image\Samsung SLM2675HN_1584470439419.png
COVER-MIDDLE;JC61-03321E;STACKER-RX PAPER, SL-M2875FW,ABS+PC,26.7,;;Samsung_image\Samsung SLM2675HN_1584470439419.png
COVER-MIDDLE;JC61-04415E;STACKER-BIN FULL, SL-M2875FW,ABS+PC,46.56;;Samsung_image\Samsung SLM2675HN_1584470439419.png
COVER-MIDDLE;6107-002926;SPRING-ETC, SUS304,0.5,57.4,6.6,5,6;;Samsung_image\Samsung SLM2675HN_1584470439419.png
COVER-MIDDLE;JC61-06027A;STACKER-SMALL, SCX-4805FW,HIPS,2.0,90.0,7;;Samsung_image\Samsung SLM2675HN_1584470439419.png
COVER-MIDDLE;JC67-00552A;BRUSH-ANTISTATIC, ML-2950ND,THUNDERON FIB;;Samsung_image\Samsung SLM2675HN_1584470439419.png
COVER-MIDDLE;JC63-04209A;COVER-EXIT, SL-M2820DW,ABS,2.0,SPLIT BROW;;Samsung_image\Samsung SLM2675HN_1584470439419.png
FRAME;JC39-01419A;FLAT CABLE, SCX-3200,26P,90mm,AWM20624,1.;M0040;Samsung_image\Samsung SLM2675HN_1584470445307.png
FRAME;JC44-00205A;HVPS, 24V,21.6V27.6V,MAX 5KV,MAX-2KV,600;;Samsung_image\Samsung SLM2675HN_1584470445307.png
FRAME;JC44-00207A;SMPS-V1, ML-2950ND,P4M-SMP-2130_HYB-00-V1;;Samsung_image\Samsung SLM2675HN_1584470445307.png
FRAME;JC47-00035A;CLUTCH-ELECTRIC Z41, 2.5,41,0.6,120mA,200;;Samsung_image\Samsung SLM2675HN_1584470445307.png
FRAME;JC47-00036A;CLUTCH-ELECTRIC Z45, 2.5,45,0.6,120mA,200;;Samsung_image\Samsung SLM2675HN_1584470445307.png
FRAME;JC61-04068A;HOLDER-TR, ML-3700,ABS,2,24.4,9,ICE GREEN;;Samsung_image\Samsung SLM2675HN_1584470445307.png
FRAME;JC61-04358A;PLATE-FRAME_BOTTOM, ML-2950ND,EGI-SECC,0.;;Samsung_image\Samsung SLM2675HN_1584470445307.png
FRAME;JC63-03121A;GROUND-SAW, ML-2950ND,SUS,0.2,GROUND/UNC;;Samsung_image\Samsung SLM2675HN_1584470445307.png
FRAME;JC66-01218A;ROLLER-TRANSFER, Kingbird,15.0 (mm),NBR+E;F9016;Samsung_image\Samsung SLM2675HN_1584470445307.png
FRAME;JC66-03013A;GEAR-EXIT, ML-2950ND,POM,0.8,z18,NATURAL,;;Samsung_image\Samsung SLM2675HN_1584470445307.png
FRAME;JC66-03014A;GEAR-FEED, ML-2950ND,POM,0.8,z16,NATURAL,;;Samsung_image\Samsung SLM2675HN_1584470445307.png
FRAME;JC66-03017A;GEAR-IDLE EXIT, ML-2950ND,POM,0.8,z29,NAT;;Samsung_image\Samsung SLM2675HN_1584470445307.png
FRAME;JC66-03023A;GEAR-RDCN EXIT, ML-2950ND,POM,0.5/0.8,z74;;Samsung_image\Samsung SLM2675HN_1584470445307.png
FRAME;JC92-02406A;PBA-JOINT, ML-2950ND,JOINT,45mmX20mm,FR1,;;Samsung_image\Samsung SLM2675HN_1584470445307.png
FRAME;JC93-00410F;FRAME MAIN-EXIT, SL-2820DW,SEC;;Samsung_image\Samsung SLM2675HN_1584470445307.png
FRAME;JC93-00414E;FRAME-PAPER PATH, SL-M2825DW,SEC;;Samsung_image\Samsung SLM2675HN_1584470445307.png
FRAME;JC93-00429A;FRAME-PLATE_FUSER, ML-2950ND,SEC;;Samsung_image\Samsung SLM2675HN_1584470445307.png
FRAME;JC93-00430A;FRAME-BRACKET_LSU, ML-2950ND,SEC;;Samsung_image\Samsung SLM2675HN_1584470445307.png
FRAME;JC93-00839B;FRAME MAIN-LEFT, SL-2825DW,SEC;;Samsung_image\Samsung SLM2675HN_1584470445307.png
FRAME;JC93-00840B;FRAME MAIN-RIGHT, SL-2825DW,SEC;;Samsung_image\Samsung SLM2675HN_1584470445307.png
FRAME;JC97-03958A;LSU, ML-2950,SEC,Single,A4(Ltr),600,S1,78;;Samsung_image\Samsung SLM2675HN_1584470445307.png
FRAME-MAIN-EXIT;JC93-00410F;FRAME MAIN-EXIT, SL-2820DW,SEC;;Samsung_image\Samsung SLM2675HN_1584470448478.png
FRAME-MAIN-EXIT;0604-001393;PHOTO-INTERRUPTER, TR,75mW,BGA,TR;E9322;Samsung_image\Samsung SLM2675HN_1584470448478.png
FRAME-MAIN-EXIT;JC39-01950A;HARNESS, SCX-4729FD,UL1032,AWG24,125,SING;;Samsung_image\Samsung SLM2675HN_1584470448478.png
FRAME-MAIN-EXIT;JC61-03782B;BUSH-SHAFT EXIT, Others,KIWHA,NW-02;;Samsung_image\Samsung SLM2675HN_1584470448478.png
FRAME-MAIN-EXIT;JC61-04385D;FRAME-EXIT, ML-2950ND,ABS+PC,BLACK(6229Y);;Samsung_image\Samsung SLM2675HN_1584470448478.png
FRAME-MAIN-EXIT;JC93-00412A;FRAME-EXIT ROLLER, ML-2950ND,SEC;;Samsung_image\Samsung SLM2675HN_1584470448478.png
FRAME-MAIN-EXIT;JC93-00413A;FRAME-ROLLER DECURL, ML-2950ND,SEC;;Samsung_image\Samsung SLM2675HN_1584470448478.png
FRAME-MAIN-EXIT;JC66-03001A;SHAFT-EXIT F DN, ML-2950ND,PET-GF,280.9,8;;Samsung_image\Samsung SLM2675HN_1584470448478.png
FRAME-MAIN-EXIT;JC73-40915B;RMO-RUBBER EXIT_DUP, ML-2150;E4156;Samsung_image\Samsung SLM2675HN_1584470448478.png
FRAME-MAIN-EXIT;JC66-02551A;ROLLER-EXIT_FR, ML-2580N,POM;L8510;Samsung_image\Samsung SLM2675HN_1584470448478.png
FRAME-MAIN-EXIT;JC66-02742A;ROLLER-EXIT_MAIN, ML-1660,POM,F25-03HT;L9513;Samsung_image\Samsung SLM2675HN_1584470448478.png
FRAME-MAIN-EXIT;JC61-03781A;HOLDER-EXIT F DOWN, ML-1660,PC,BLACK,NH-1;L9431;Samsung_image\Samsung SLM2675HN_1584470448478.png
FRAME-MAIN-EXIT;6107-001163;SPRING-CS, SUS,PI0.4,D3.9,L13,OD4.3;G1505;Samsung_image\Samsung SLM2675HN_1584470448478.png
FRAME-PAPER PATH;JC61-02236A;PLATE-EARTH-TRANSFER, ML-2851ND,EGI-SECC,;K7736;Samsung_image\Samsung SLM2675HN_1584470451766.png
FRAME-PAPER PATH;JC61-02468A;BUSH-TR_L, ML-2851ND,STEEL SINTERED;A7675;Samsung_image\Samsung SLM2675HN_1584470451766.png
FRAME-PAPER PATH;6107-002922;SPRING-ETC, SUS304,0.5,40.2,4.0,6,8;;Samsung_image\Samsung SLM2675HN_1584470451766.png
FRAME-PAPER PATH;JC61-04361A;PLATE-PUSH BUSH R, ML-2950ND,EGI-SECC,0.8;;Samsung_image\Samsung SLM2675HN_1584470451766.png
FRAME-PAPER PATH;JC61-04413A;BUSH-TR_L, ML-2950ND,POM,6.1,8,12.5,Natur;;Samsung_image\Samsung SLM2675HN_1584470451766.png
FRAME-PAPER PATH;JC61-04362A;PLATE-PUSH BUSH L, ML-2950ND,EGI-SECC,0.8;;Samsung_image\Samsung SLM2675HN_1584470451766.png
FRAME-PAPER PATH;6107-001370;SPRING-CS, STS304WPB,PI0.45,D4.45,L14.8,I;G1480;Samsung_image\Samsung SLM2675HN_1584470451766.png
FRAME-PAPER PATH;JC61-70958A;SPRING ETC-TR, ML-5000A,SUS304 WPB,PI0.55;G1436;Samsung_image\Samsung SLM2675HN_1584470451766.png
FRAME-PAPER PATH;JC61-00585A;BUSH-M-FEED IDLE, ML-1710,POM,2.1,4.2;A7646;Samsung_image\Samsung SLM2675HN_1584470451766.png
FRAME-PAPER PATH;JC61-04406A;BUSH-SHAFT_EXIT, ML-2950ND,POM,6.0,8.0,10;;Samsung_image\Samsung SLM2675HN_1584470451766.png
FRAME-PAPER PATH;6044-000125;RING-E, ID4,OD9,T0.6,STSC;F8266;Samsung_image\Samsung SLM2675HN_1584470451766.png
FRAME-PAPER PATH;JC66-03044A;ROLLER-REGI, ML-2950ND,EPDM,SUM22,6;;Samsung_image\Samsung SLM2675HN_1584470451766.png
FRAME-PAPER PATH;JC93-00404A;FRAME BASE-PICKUP, ML-2955ND,SEE;;Samsung_image\Samsung SLM2675HN_1584470451766.png
FRAME-PAPER PATH;JC61-04384A;FRAME-MIDDLE, ML-2950ND,ABS,272.1,221,HF-;;Samsung_image\Samsung SLM2675HN_1584470451766.png
FRAME-PAPER PATH;JC61-04376A;HOLDER-REGI, ML-2950ND,POM,WHT,F20-02;;Samsung_image\Samsung SLM2675HN_1584470451766.png
FRAME-PAPER PATH;JC61-00604A;PLATE-P-SAW, ML-1400,SUS304,0.15,15.1,216;E9623;Samsung_image\Samsung SLM2675HN_1584470451766.png
FRAME-PAPER PATH;JC66-02996A;ACTUATOR-FEED, ML-2950ND,PC,NH-1035P,BLAC;;Samsung_image\Samsung SLM2675HN_1584470451766.png
FRAME-PAPER PATH;JC66-02995A;ACTUATOR-REGI, ML-2950ND,PC,NH-1035P,BLAC;;Samsung_image\Samsung SLM2675HN_1584470451766.png
FRAME-PAPER PATH;JC92-02288A;PBA-FEED SENSOR, ML-1660,SEC,FEED SENSOR,;L9546;Samsung_image\Samsung SLM2675HN_1584470451766.png
FRAME-PAPER PATH;6107-001164;SPRING-TS, SUS,PI0.15,D3.95,ID3.8,OD4.1;G1591;Samsung_image\Samsung SLM2675HN_1584470451766.png
FRAME-PAPER PATH;JC93-00403A;FRAME BASE-REGI, ML-2955ND,SEE;;Samsung_image\Samsung SLM2675HN_1584470451766.png
FRAME-PAPER PATH;JC90-01108E;MP, SL-M2825DW,SEC;;Samsung_image\Samsung SLM2675HN_1584470451766.png
FRAME-PAPER PATH;JC63-03126A;COVER-PAPER_GUIDE, ML-2950ND,ABS,2.0,228.;;Samsung_image\Samsung SLM2675HN_1584470451766.png
FRAME-PAPER PATH;JC66-03045A;SHAFT-REGI_IDLE, ML-2955ND,SUM 22,226,5,S;;Samsung_image\Samsung SLM2675HN_1584470451766.png
FRAME-PAPER PATH;JC66-03003A;ROLLER-REGI_IDLE, ML-2950ND,POM,NW-02;;Samsung_image\Samsung SLM2675HN_1584470451766.png
FRAME-PAPER PATH;JC90-01111D;MP GUIDE-LOWER, SL-M2825DW,SEC;;Samsung_image\Samsung SLM2675HN_1584470451766.png
FRAME-PAPER PATH;JC90-01110E;MP SUB-HOLDER IDLE, SL-M2825DW,SEC;;Samsung_image\Samsung SLM2675HN_1584470451766.png
FRAME-PAPER PATH;JC61-04416E;ADJUST-MANUAL_L, SL-M2825DW,ABS,2.0,128.5;;Samsung_image\Samsung SLM2675HN_1584470451766.png
FRAME-PAPER PATH;JC61-04417E;ADJUST-MANUAL_R, SL-M2825DW,ABS,2.0,128.5;;Samsung_image\Samsung SLM2675HN_1584470451766.png
FRAME-PAPER PATH;JC61-04392D;GUIDE-LOWER_MP_1, SL-M2825DW,HIPS,2.0,41.;;Samsung_image\Samsung SLM2675HN_1584470451766.png
FRAME-PAPER PATH;JC66-03004A;GEAR-PINION, ML-2950ND,POM,0.5,32,3.9,WHI;;Samsung_image\Samsung SLM2675HN_1584470451766.png
FRAME-PAPER PATH;JC63-03125D;COVER-ROLLER, SL-M2825DW,ABS+PC,2T,238.7,;;Samsung_image\Samsung SLM2675HN_1584470451766.png
FRAME-PAPER PATH;6043-001409;PIN-ETC, 2.6,85.4,SUM22;;Samsung_image\Samsung SLM2675HN_1584470451766.png
FRAME-PAPER PATH;JC66-02798A;ROLLER-IDLE, ML-3700,POM,NW-02;;Samsung_image\Samsung SLM2675HN_1584470451766.png
FRAME-PAPER PATH;6107-002937;SPRING-CS, SUS304,0.55,4.95,18.0,4.4,5.5,;;Samsung_image\Samsung SLM2675HN_1584470451766.png
FRAME BASE-PICK UP;JC63-02956A;SHEET-DUPLEX PATH, ML-3710,PET+TAPE NITTO;;Samsung_image\Samsung SLM2675HN_1584470455058.png
FRAME BASE-PICK UP;JC61-04394A;GUIDE-FRAME_DUPLEX, ML-2950ND,HIPS,2.5,25;;Samsung_image\Samsung SLM2675HN_1584470455058.png
FRAME BASE-PICK UP;0604-001393;PHOTO-INTERRUPTER, TR,75mW,BGA,TR;E9322;Samsung_image\Samsung SLM2675HN_1584470455058.png
FRAME BASE-PICK UP;6107-002934;SPRING-CS, SUS304,0.45,5.05,19.5,4.6,5.5,;;Samsung_image\Samsung SLM2675HN_1584470455058.png
FRAME BASE-PICK UP;JC66-02997A;ACTUATOR-EMPTY, ML-2950ND,POM,F20-02,BLAC;;Samsung_image\Samsung SLM2675HN_1584470455058.png
FRAME BASE-PICK UP;JC66-03033A;LEVER-GUIDE_DUPLEX, ML-2950ND,ABS,28,43.1;;Samsung_image\Samsung SLM2675HN_1584470455058.png
FRAME BASE-PICK UP;JC66-03006A;SHAFT-PICKUP, ML-2950ND,PC,147.3,8,BLACK,;;Samsung_image\Samsung SLM2675HN_1584470455058.png
FRAME BASE-PICK UP;JC61-04400A;GUIDE-PICKUP, ML-2950ND,HIPS,2.0,228.64,H;;Samsung_image\Samsung SLM2675HN_1584470455058.png
FRAME BASE-PICK UP;JC66-03096A;ROLLER-FEED, ML-3200,EPDM,SUM22,6;;Samsung_image\Samsung SLM2675HN_1584470455058.png
FRAME BASE-PICK UP;JC61-02372A;BUSH-D6/L4, POM,CLP-310,ID4,OD8,L4,WHITE,;H1185;Samsung_image\Samsung SLM2675HN_1584470455058.png
FRAME BASE-PICK UP;JC93-00405A;FRAME-PICKUP ONEWAY, ML-2955ND,SEE;;Samsung_image\Samsung SLM2675HN_1584470455058.png
FRAME BASE-PICK UP;JC61-04404A;HOLDER-PICKUP, ML-2950ND,ABS+PC,2.0,59.1,;;Samsung_image\Samsung SLM2675HN_1584470455058.png
FRAME BASE-PICK UP;JC66-01918A;GEAR-IDLE PICK UP, CLX-3170FN,POM,0.5,20,;C3485;Samsung_image\Samsung SLM2675HN_1584470455058.png
FRAME BASE-PICK UP;JC66-03047A;CLUTCH-P-ONEWAY, ML-2955ND,POM;;Samsung_image\Samsung SLM2675HN_1584470455058.png
FRAME BASE-PICK UP;JC66-02939B;ROLLER-MAT_RETARD, ML-2950ND,EPDM;;Samsung_image\Samsung SLM2675HN_1584470455058.png
FRAME MAIN-LEFT;JC61-04368A;GUIDE-CST_REAR_L, ML-2950ND,ABS,HF-0660I,;;Samsung_image\Samsung SLM2675HN_1584470458289.png
FRAME MAIN-LEFT;JC31-00156A;MOTOR BLDC-TYPE1, 3002500rpm,DC 24V,25W,;;Samsung_image\Samsung SLM2675HN_1584470458289.png
FRAME MAIN-LEFT;JC66-03016A;GEAR-FUSER DR OUT, ML-2950ND,POM,1.0,z29,;;Samsung_image\Samsung SLM2675HN_1584470458289.png
FRAME MAIN-LEFT;JC61-04370A;GUIDE-KNOCK_UP_L, ML-2950ND,ABS,HF-0660I,;;Samsung_image\Samsung SLM2675HN_1584470458289.png
FRAME MAIN-LEFT;JC61-04381A;PLATE-GUIDE_DEVE_L, ML-2950ND,POM,24.8,38;;Samsung_image\Samsung SLM2675HN_1584470458289.png
FRAME MAIN-LEFT;JC61-04360A;FRAME-LEFT, ML-2950ND,EGI-SECC,0.8;;Samsung_image\Samsung SLM2675HN_1584470458289.png
FRAME MAIN-LEFT;JC61-04405A;BUSH-SHAFT_MP, ML-2950ND,POM,6.0,9.0,5,WH;;Samsung_image\Samsung SLM2675HN_1584470458289.png
FRAME MAIN-LEFT;JC66-03018A;GEAR-IDLE FEED2, ML-2950ND,POM,0.5,z24,NA;;Samsung_image\Samsung SLM2675HN_1584470458289.png
FRAME MAIN-LEFT;JC66-03019A;GEAR-IDLE FEED3, ML-2950ND,POM,0.5/0.8,z3;;Samsung_image\Samsung SLM2675HN_1584470458289.png
FRAME MAIN-LEFT;JC61-04387A;BAND, ML-2950ND,PC+GF20%,BLACK,3025PG20;;Samsung_image\Samsung SLM2675HN_1584470458289.png
FRAME MAIN-LEFT;JC66-03020A;GEAR-IDLE FEED, ML-2950ND,POM,0.5,z94,WHT;;Samsung_image\Samsung SLM2675HN_1584470458289.png
FRAME MAIN-LEFT;JC61-04412A;BUSH-FUSER SWING, ML-2950ND,POM,21.4,36,N;;Samsung_image\Samsung SLM2675HN_1584470458289.png
FRAME MAIN-LEFT;JC66-00340A;GEAR-HUB CLUTCH, POM,11.3,11.3,11.3,NW-02;C3424;Samsung_image\Samsung SLM2675HN_1584470458289.png
FRAME MAIN-LEFT;JC66-03024A;GEAR-RDCN FEED1, ML-2950ND,POM,0.5,z101/z;;Samsung_image\Samsung SLM2675HN_1584470458289.png
FRAME MAIN-LEFT;JC66-03025A;GEAR-RDCN FEED2, ML-2950ND,POM,0.5/0.6,z3;;Samsung_image\Samsung SLM2675HN_1584470458289.png
FRAME MAIN-LEFT;JC67-00538A;COUPLER-CAM, ML-2950ND,POM,5,20.32,F20-02;;Samsung_image\Samsung SLM2675HN_1584470458289.png
FRAME MAIN-LEFT;JC66-03034A;LEVER-COUPLING A, ML-2950ND,POM,Natural,L;;Samsung_image\Samsung SLM2675HN_1584470458289.png
FRAME MAIN-LEFT;JC93-00417A;DRIVE-MAIN, ML-2950ND;;Samsung_image\Samsung SLM2675HN_1584470458289.png
FRAME MAIN-LEFT;JC63-03123A;COVER-HARNESS, ML-2950ND,ABS,77.57,120.38;;Samsung_image\Samsung SLM2675HN_1584470458289.png
FRAME MAIN RIGHT;JC61-04382A;PLATE-GUIDE_DEVE_R, ML-2950ND,POM,24.84,3;;Samsung_image\Samsung SLM2675HN_1584470462737.png
FRAME MAIN RIGHT;JC61-04369A;GUIDE-CST_REAR_R, ML-2950ND,ABS+PC,VO,NH-;;Samsung_image\Samsung SLM2675HN_1584470462737.png
FRAME MAIN RIGHT;JC61-04371A;GUIDE-KNOCK_UP_R, ML-2950ND,ABS,VE-0812,B;;Samsung_image\Samsung SLM2675HN_1584470462737.png
FRAME MAIN RIGHT;JC61-40001A;FOOT-ML80, ML-80,NBR,GRAY;I4848;Samsung_image\Samsung SLM2675HN_1584470462737.png
FRAME MAIN RIGHT;JC61-04359A;FRAME-RIGHT, ML-2950ND,EGI-SECC,0.8;;Samsung_image\Samsung SLM2675HN_1584470462737.png
FRAME MAIN RIGHT;6502-001130;CABLE CLAMP, DACS-3N,16.67 4,Nylon66,BL;L9053;Samsung_image\Samsung SLM2675HN_1584470462737.png
FRAME MAIN RIGHT;JC63-03120A;COVER-SMPS, ML-2950ND,ABS+PC,1.5,162.5,91;;Samsung_image\Samsung SLM2675HN_1584470462737.png
FRAME MAIN RIGHT;JC61-04386A;GUIDE-DEVE R, ML-2950ND,PC+G/F20%,3025PG2;;Samsung_image\Samsung SLM2675HN_1584470462737.png
FRAME MAIN RIGHT;6107-002923;SPRING-ETC, SUS304,0.5,22.4,4.0,9.6,11.6;;Samsung_image\Samsung SLM2675HN_1584470462737.png
FRAME MAIN RIGHT;JC63-03110A;GROUND-OPC, ML-2950ND,SUS,0.2,GROUND/UNC;;Samsung_image\Samsung SLM2675HN_1584470462737.png
FUSER;JC91-01034A;FUSER, ML-2950ND,SEC,WORLD,110V;;Samsung_image\Samsung SLM2675HN_1584470465227.png
FUSER;JC91-01035A;FUSER-UPPER, ML-2950ND,SEC,WORLD;;Samsung_image\Samsung SLM2675HN_1584470465227.png
FUSER;4713-001566;LAMP-HALOGEN, 110V,850W;;Samsung_image\Samsung SLM2675HN_1584470465227.png
FUSER;JC91-01036A;FUSER-LOWER, ML-2950ND,SEC,WORLD;;Samsung_image\Samsung SLM2675HN_1584470465227.png
FUSER;JC67-00533A;CAP-LAMP_R, ML-2950ND,PET+GF,2T,BLACK;;Samsung_image\Samsung SLM2675HN_1584470465227.png
FUSER;JC91-01038A;FUSER-DRIVE EXIT, ML-2950ND,SEC,WORLD;;Samsung_image\Samsung SLM2675HN_1584470465227.png
FUSER;JC67-00532A;CAP-LAMP_L, ML-2950ND,PET+GF,2T,BLACK;;Samsung_image\Samsung SLM2675HN_1584470465227.png
FUSER;JC61-03968A;STOPPER-GEAR_FUSER, ML-1660,Rhodia 2413GW;L9442;Samsung_image\Samsung SLM2675HN_1584470465227.png
FUSER;JC91-01037A;FUSER-REAR, ML-2950ND,SEC,WORLD,110V;;Samsung_image\Samsung SLM2675HN_1584470465227.png
FUSER;JC39-01487A;HARNESS-FUSER JOINT, ML-3710,UL3122,1 pin;;Samsung_image\Samsung SLM2675HN_1584470465227.png
FUSER;4712-001091;THERMOSTAT, AC125/250V,195+-5100;;Samsung_image\Samsung SLM2675HN_1584470465227.png
FUSER;1404-001447;THERMISTOR-NTC ASSY, 7Kohm,3370K,0.3mW/C,;L7831;Samsung_image\Samsung SLM2675HN_1584470465227.png
FUSER;JC63-03132A;COVER-FUSER, ML-2950ND,PET+GF,290.98,BLAC;;Samsung_image\Samsung SLM2675HN_1584470465227.png
FUSER;JC72-40361A;PMO-ROLLER_EXIT, HQ_LOAD_PD10,POM;F4747;Samsung_image\Samsung SLM2675HN_1584470465227.png
FUSER;JC61-70976A;SPRING ETC-FUSER EXIT, ML-7000,SUS304-WPB;G1330;Samsung_image\Samsung SLM2675HN_1584470465227.png
FUSER;JC61-02154A;GUIDE-CLAW, ML-3471ND,PTFE,13.20,16.57,BR;I6177;Samsung_image\Samsung SLM2675HN_1584470465227.png
FUSER;6107-002817;SPRING-ETC, SUS304,0.35,0.29,3.2,3.78;;Samsung_image\Samsung SLM2675HN_1584470465227.png
FUSER;JC66-02955A;ROLLER-SILICON_EXIT, ML-3700,SILICON;;Samsung_image\Samsung SLM2675HN_1584470465227.png
FUSER;JC66-02990A;SHAFT-EXIT_F/UP, ML-2950ND,PBT-GF,204.2,1;;Samsung_image\Samsung SLM2675HN_1584470465227.png
FUSER;JC66-02777A;GEAR-EXIT_Z19, ML-3700ND,POM,1,19,NTR,21.;;Samsung_image\Samsung SLM2675HN_1584470465227.png
FUSER;JC61-02158A;BUSH-TX, ML-3471ND/SEE,POM(M90-44),2.5,16;H1255;Samsung_image\Samsung SLM2675HN_1584470465227.png
FUSER;JC61-04363A;GUIDE-REAR, ML-2950ND,PC,2.0T,237.31,BLAC;;Samsung_image\Samsung SLM2675HN_1584470465227.png
FUSER;JC66-01661A;ROLLER-IDLE_EXIT, ML-2851ND,PFA;L4458;Samsung_image\Samsung SLM2675HN_1584470465227.png
FUSER;6107-002670;SPRING-ETC, SUS304,PI0.2,ID4.5,OD4.9,8.1,;;Samsung_image\Samsung SLM2675HN_1584470465227.png
FUSER;JC61-04133A;HOLDER-ACTUATOR, ML-3700,TEFLON,2.0,17.4;;Samsung_image\Samsung SLM2675HN_1584470465227.png
FUSER;JC66-02991A;ACTUATOR-EXIT, ML-2950ND,PA66,2.0T,26.7,3;;Samsung_image\Samsung SLM2675HN_1584470465227.png
FUSER-LOWER;JC91-01036A;FUSER-LOWER, ML-2950ND,SEC,WORLD;;Samsung_image\Samsung SLM2675HN_1584470468982.png
FUSER-LOWER;JC61-04367A;FRAME-FUSER, ML-2950ND,EGI-SECC,NATURAL,1;;Samsung_image\Samsung SLM2675HN_1584470468982.png
FUSER-LOWER;JC66-02993A;ROLLER-HEAT, ML-2950ND,24.75,AL3304-H34;;Samsung_image\Samsung SLM2675HN_1584470468982.png
FUSER-LOWER;JC61-00888A;BUSH-M-HR L_R2, SCX-4920N,PPS,25.3,29;H1232;Samsung_image\Samsung SLM2675HN_1584470468982.png
FUSER-LOWER;JC61-00887A;BUSH-M-HR R_R2, SCX-4920N,PPS,25.3,29;H1233;Samsung_image\Samsung SLM2675HN_1584470468982.png
FUSER-LOWER;JC66-02992A;GEAR-FUSER, ML-2950ND,PPS,1,36,BROWN,38;;Samsung_image\Samsung SLM2675HN_1584470468982.png
FUSER-LOWER;JC66-00600B;ROLLER, ML-1710D3,12,SUM22 or SUM23,6,24,;P6016;Samsung_image\Samsung SLM2675HN_1584470468982.png
FUSER-LOWER;JC61-00056A;SPRING ETC-PR(7300), ML-7300,PIANO WIRE,1;L7239;Samsung_image\Samsung SLM2675HN_1584470468982.png
FUSER-LOWER;JC61-04366A;BUSH-PR, ML-2950ND,PPS,6.0,BROWN;;Samsung_image\Samsung SLM2675HN_1584470468982.png
FUSER-LOWER;JC66-02982A;LEVER-LINK-JAM_L, ML-2950ND,SECC,1.2T,NAT;;Samsung_image\Samsung SLM2675HN_1584470468982.png
FUSER-LOWER;JC67-00541A;BRUSH-ANTISTATIC, ML-2950ND,SUS FIBER,13,;;Samsung_image\Samsung SLM2675HN_1584470468982.png
FUSER-LOWER;JC61-04364A;HOLDER-JAM, ML-2950ND,PC,BLACK;;Samsung_image\Samsung SLM2675HN_1584470468982.png
FUSER-LOWER;JC66-02983A;LEVER-LINK-JAM_R, ML-2950ND,SECC,1.2T,NAT;;Samsung_image\Samsung SLM2675HN_1584470468982.png
PLATEN;JC97-04322A;PLATEN, SL-M2870FW;;Samsung_image\Samsung SLM2675HN_1584470474768.png
PLATEN;JC97-04066A;PLATEN-SHEET, SCX-4729FD,SEE;;Samsung_image\Samsung SLM2675HN_1584470474768.png
PLATEN;JC97-04071A;PLATEN-UPPER, CLX-3305FW,SEE;;Samsung_image\Samsung SLM2675HN_1584470474768.png
PLATEN;JC97-04323A;PLATEN-LOWER, SL-M2870FW;;Samsung_image\Samsung SLM2675HN_1584470474768.png
PLATEN;0609-001409;CONTACT IMAGE SENSOR, 217mm,10368dot,1.5m;;Samsung_image\Samsung SLM2675HN_1584470474768.png
PLATEN;6602-001637;BELT-TIMING GEAR, POLY URETHANE,T0.98,L73;A4232;Samsung_image\Samsung SLM2675HN_1584470474768.png
PLATEN;JC93-00712A;DRIVE-PLATEN, CLX-3305FW;;Samsung_image\Samsung SLM2675HN_1584470474768.png
PLATEN;JC92-02623A;PBA-ADF JOINT, SCX-4805FW,SEC,ADF JOINT P;;Samsung_image\Samsung SLM2675HN_1584470474768.png
PLATEN;JC39-01991A;FLAT CABLE-CIS, SCX-4805FW,12P,0.05,690,A;;Samsung_image\Samsung SLM2675HN_1584470474768.png
PLATEN;0604-001415;PHOTO-INTERRUPTER, TR,DIP-4,BK;L9633;Samsung_image\Samsung SLM2675HN_1584470474768.png
PLATEN;JC66-01580A;SLIDER-CIS, CLX-2160,RTP 899X93924,0.7,11;G0802;Samsung_image\Samsung SLM2675HN_1584470474768.png
PLATEN;JC66-01448A;SHAFT-CIS, SCX-4500,SUM 22,382,6,STEEL;L5867;Samsung_image\Samsung SLM2675HN_1584470474768.png
OPE;JC97-04330B;OPE, SL-M2675FN,XAA;;Samsung_image\Samsung SLM2675HN_1584470477663.png
OPE;JC92-02497A;PBA-OPE, CLX-3305FN,SEC,STM8S,UART,5V,308;;Samsung_image\Samsung SLM2675HN_1584470477663.png
OPE;JC64-00772J;KEY-FUNCTION, SL-M2870FD,ABS,47.6328.8,2;;Samsung_image\Samsung SLM2675HN_1584470477663.png
OPE;JC64-00774A;KEY-TEL, CLX-3305FW,ABS,62.953.11,1.0T,S;;Samsung_image\Samsung SLM2675HN_1584470477663.png
OPE;JC63-03846A;COVER-KEY HOLDER, CLX-3305FW,HIPS,2.0T,55;;Samsung_image\Samsung SLM2675HN_1584470477663.png
OPE;JC63-03571A;COVER-LCD, CLX-3305FW,PC,2.4T,86.35,40.32;;Samsung_image\Samsung SLM2675HN_1584470477663.png
OPE;JC64-00765A;KEY-FAX, CLX-3305FW,ABS,50.3426.46,2.0T,;;Samsung_image\Samsung SLM2675HN_1584470477663.png
CASSETTE;JC90-01224B;CASSETTE, ML-2975DW,SEE;;Samsung_image\Samsung SLM2675HN_1584470481875.png
CASSETTE;JC61-04379A;PLATE-KNOCK_UP, EGI-SECC,0.8,257.8,169,GU;;Samsung_image\Samsung SLM2675HN_1584470481875.png
CASSETTE;JC73-00141A;RPR-PAD CASSETTE, ML-1510,Urethan Sponge,;F9051;Samsung_image\Samsung SLM2675HN_1584470481875.png
CASSETTE;6107-002935;SPRING-CS, SUS304,0.8,18.2,64.0,17.4,19.0;;Samsung_image\Samsung SLM2675HN_1584470481875.png
CASSETTE;JC66-03004A;GEAR-PINION, ML-2950ND,POM,0.5,32,3.9,WHI;;Samsung_image\Samsung SLM2675HN_1584470481875.png
CASSETTE;JC63-03124C;COVER-CASSETTE, ML-2975DW,ABS,1.5,69.7,43;;Samsung_image\Samsung SLM2675HN_1584470481875.png
CASSETTE;JC90-01107B;CASSETTE SUB-RETARD, ML-2975DW;;Samsung_image\Samsung SLM2675HN_1584470481875.png
CASSETTE;JC61-04397A;GUIDE-ADJUST_L, ML-2950ND,ABS,2.0,135.52,;;Samsung_image\Samsung SLM2675HN_1584470481875.png
CASSETTE;JC64-00657A;LOCKER-PLATE, ML-2950ND,POM,WHITE,KEPITAL;;Samsung_image\Samsung SLM2675HN_1584470481875.png
CASSETTE;JG61-70531A;SPRING ETC-LOCKER,PLATE, SF6000,SUS304WPB;G1358;Samsung_image\Samsung SLM2675HN_1584470481875.png
CASSETTE;JC64-00610A;LOCKER-CASSETTE, ML-3710,POM,NTR,41.5, 15;;Samsung_image\Samsung SLM2675HN_1584470481875.png
CASSETTE;6107-002936;SPRING-CS, SUS304,0.5,4.3,17.0,3.8,4.8,19;;Samsung_image\Samsung SLM2675HN_1584470481875.png
CASSETTE;JC90-01106A;CASSETTE-GUIDE RIGHT, ML-2955ND,SEE;;Samsung_image\Samsung SLM2675HN_1584470481875.png
CASSETTE;JC90-01225B;CASSETTE SUB-HANDLE, ML-2975DW,SEE;;Samsung_image\Samsung SLM2675HN_1584470481875.png
CASSETTE;JC90-01105C;CASSETTE-GUIDE REAR, ML-4210ND,SEC;;Samsung_image\Samsung SLM2675HN_1584470481875.png
CASSETTE;JC61-04380C;FRAME-CASSETTE, ML-2975DW,HIPS,SPLIT GRAY;;Samsung_image\Samsung SLM2675HN_1584470481875.png
CASSETTE;JC66-02939C;ROLLER-MAT_RETARD, ML-2955ND,EPDM,16,23.5;;Samsung_image\Samsung SLM2675HN_1584470481875.png
CASSETTE;JC64-00903B;HANDLE-CASSETTE, SL-M2820DW,HIPS,2.0,SHG8;;Samsung_image\Samsung SLM2675HN_1584470481875.png
CASSETTE;JC64-00656E;INDICATOR-PAPER, ML-2975DW,HIPS,CREAM WHI;;Samsung_image\Samsung SLM2675HN_1584470481875.png
